4294967278,330
4294967278,36
4294967278,35
4294967278,34
4294967278,33
4294967278,32
4294967278,31
4294967278,30
4294967278,29
4294967278,28
4294967278,27
4294967278,26
4294967278,25
4294967278,24
4294967278,22
4294967278,21
4294967278,329
4294967278,20
4294967278,19
4294967278,17
4294967278,16
4294967278,15
4294967278,14
4294967278,13
4294967278,12
4294967278,10
4294967278,280
4294967278,9
4294967278,8
4294967278,263
4294967278,7
4294967278,6
4294967278,5
4294967278,4
4294967279,132
4294967279,131
4294967279,130
4294967279,129
4294967279,128
4294967279,127
4294967279,126
4294967279,125
4294967279,124
4294967279,123
4294967279,122
4294967279,121
4294967279,120
4294967279,119
4294967279,118
4294967279,117
4294967279,116
4294967279,115
4294967279,114
4294967279,113
4294967279,112
4294967279,111
4294967279,110
4294967279,109
4294967279,108
4294967279,107
4294967279,106
4294967279,105
4294967279,104
4294967279,103
4294967279,102
4294967279,101
4294967279,100
4294967279,21
4294967279,20
4294967279,19
4294967279,17
4294967279,15
4294967279,14
4294967279,13
4294967279,11
4294967278,203
4294967294,1167
4294967294,1166
4294967294,1164
4294967294,1163
4294967294,1158
4294967294,1019
4294967294,992
4294967294,990
4294967294,989
4294967294,988
4294967294,987
4294967294,60
4294967279,573
4294967278,197
4294967279,197
4294967278,196
4294967278,195
4294967279,188
4294967278,185
4294967279,298
4294967278,380
4294967278,181
4294967278,180
4294967278,179
4294967294,1418
4294967278,379
4294967278,175
4294967278,378
4294967278,377
4294967279,572
4294967278,171
4294967278,169
53,5
4294967278,168
53,4
4294967279,168
53,3
53,2
53,1
4294967278,167
4294967278,164
4294967279,164
4294967279,163
4294967278,162
4294967279,162
4294967278,161
51,4
51,3
51,2
51,1
4294967278,160
4294967278,159
4294967278,158
4294967279,156
4294967278,157
50,6
4294967278,154
4294967278,376
50,5
4294967278,153
4294967279,152
4294967278,152
50,4
50,3
50,2
50,1
4294967278,151
4294967279,150
4294967278,150
4294967294,481
4294967278,149
4294967278,295
4294967279,571
4294967279,288
4294967278,148
49,5
4294967278,146
49,4
49,3
49,2
49,1
4294967279,144
4294967278,144
4294967279,143
4294967279,570
4294967278,23
4294967278,375
4294967278,291
4294967278,135
48,5
48,4
4294967278,136
48,3
48,2
48,1
4294967278,324
4294967294,468
4294967294,396
4294967294,420
4294967294,112
4294967294,457
4294967294,119
4294967294,465
4294967278,288
4294967279,270
47,5
4294967278,18
4294967278,275
4294967278,274
47,4
47,3
47,2
47,1
4294967279,278
4294967278,273
4294967279,277
4294967278,270
4294967279,263
4294967278,268
4294967279,569
4294967278,11
4294967278,266
4294967279,261
4294967279,275
4294967294,114
4294967294,480
4294967278,323
4294967279,274
45,4
4294967279,255
45,3
45,2
45,1
4294967279,281
4294967294,393
4294967279,254
4294967278,259
4294967279,568
4294967279,567
4294967278,322
4294967279,566
4294967278,374
4294967279,315
4294967278,256
4294967279,565
4294967278,320
4294967279,252
4294967279,564
4294967279,312
4294967278,255
4294967278,317
4294967278,316
4294967279,310
4294967279,563
4294967278,252
4294967279,309
4294967278,251
4294967279,308
4294967278,249
4294967278,246
4294967278,242
4294967278,239
4294967279,562
4294967278,237
4294967279,236
4294967278,236
4294967278,234
4294967278,232
4294967278,227
4294967278,224
4294967278,222
4294967278,214
4294967278,213
4294967279,212
4294967279,211
4294967278,210
4294967278,209
4294967278,207
4294967278,206
4294967278,205
4294967278,204
4294967279,561
4294967278,202
4294967278,201
4294967278,200
4294967278,199
4294967278,198
4294967294,389
4294967279,196
4294967278,194
4294967294,38
4294967294,36
4294967294,39
4294967278,193
4294967278,192
4294967278,188
4294967278,190
44,5
44,4
4294967278,189
44,2
44,1
4294967279,189
4294967278,187
4294967278,186
4294967279,186
4294967279,560
4294967294,479
4294967278,184
4294967294,89
4294967294,1006
4294967278,183
42,4
4294967278,182
42,3
42,2
42,1
4294967278,305
4294967279,182
4294967278,178
4294967279,180
4294967279,559
4294967278,373
4294967279,179
41,6
4294967294,1421
4294967294,1420
4294967294,478
4294967279,176
4294967278,177
4294967278,372
41,5
4294967279,175
4294967278,173
41,4
41,3
41,2
41,1
4294967279,171
4294967294,392
4294967294,115
4294967279,170
4294967279,169
40,5
4294967294,99
4294967294,76
4294967294,41
4294967279,167
40,4
4294967279,166
40,3
40,2
40,1
4294967278,165
0,7
4294967294,0
4294967294,120
4294967294,1000
4294967294,395
4294967294,409
4294967294,187
4294967294,399
4294967294,179
4294967294,1172
4294967294,167
4294967294,444
4294967294,398
4294967294,108
4294967294,463
4294967279,165
4294967278,371
4294967294,82
4294967279,558
4294967279,160
4294967279,158
39,5
39,4
39,3
39,2
39,1
4294967279,557
4294967294,390
4294967294,469
4294967294,37
4294967294,40
4294967294,1001
4294967294,186
4294967294,419
4294967294,1176
4294967278,370
4294967279,556
4294967279,151
4294967279,555
38,5
4294967278,296
38,4
38,3
38,2
38,1
4294967278,294
4294967279,287
4294967279,145
4294967279,286
4294967294,477
4294967294,2
4294967279,554
4294967279,553
36,4
36,3
36,2
36,1
4294967294,1419
4294967294,29
4294967279,285
4294967294,1174
4294967278,310
4294967278,260
4294967294,44
4294967294,424
4294967294,43
4294967278,290
4294967279,284
4294967279,552
4294967279,0
4294967294,51
4294967294,52
4294967294,45
4294967278,289
4294967279,283
4294967279,268
4294967294,107
4294967294,92
